[gd_scene load_steps=10 format=2]

[ext_resource path="res://Scripts/Main.gd" type="Script" id=1]
[ext_resource path="res://Scenes/ChunkManager.tscn" type="PackedScene" id=2]
[ext_resource path="res://Scenes/Spaceship.tscn" type="PackedScene" id=3]
[ext_resource path="res://Models/ground_plane.obj" type="ArrayMesh" id=4]
[ext_resource path="res://CameraTrackingRearview.gd" type="Script" id=5]

[sub_resource type="Environment" id=1]
background_mode = 1
background_color = Color( 0.160784, 0.00784314, 0.188235, 1 )
ambient_light_color = Color( 1, 1, 1, 1 )
ambient_light_energy = 0.12
fog_enabled = true
fog_color = Color( 0.160784, 0.00784314, 0.188235, 1 )
fog_depth_end = 50.0
tonemap_mode = 2
dof_blur_far_distance = 16.93
glow_enabled = true
glow_bloom = 0.04
glow_blend_mode = 0
glow_hdr_threshold = 0.9
glow_hdr_luminance_cap = 5.13
glow_bicubic_upscale = true

[sub_resource type="BoxShape" id=2]

[sub_resource type="NoiseTexture" id=3]

[sub_resource type="SpatialMaterial" id=4]
albedo_color = Color( 0.227451, 0, 0.25098, 1 )
normal_enabled = true
normal_scale = 16.0
normal_texture = SubResource( 3 )
uv1_scale = Vector3( 10, 10, 10 )

[node name="Spatial" type="Spatial"]
script = ExtResource( 1 )

[node name="WorldEnvironment" type="WorldEnvironment" parent="."]
environment = SubResource( 1 )

[node name="Spaceship" parent="." instance=ExtResource( 3 )]
transform = Transform( 0.25, 0, 0, 0, 0.25, 0, 0, 0, 0.25, 0, 2.28585, 0 )

[node name="FrontCameraHandle" type="Spatial" parent="Spaceship"]
transform = Transform( 1, 0, 0, 0, 0.999352, 0.0359809, 0, -0.0359809, 0.999352, 0, 1.34224, 4.1977 )

[node name="RearviewCameraHandle" type="Spatial" parent="Spaceship"]
transform = Transform( -1, 2.07569e-08, 8.49229e-08, 0, 0.971404, -0.237432, -8.74228e-08, -0.237432, -0.971404, 0, 1.14719, 1.29589 )

[node name="CanvasLayer" type="CanvasLayer" parent="."]
follow_viewport_enable = true

[node name="MainViewport" type="ViewportContainer" parent="CanvasLayer"]
anchor_right = 1.0
anchor_bottom = 1.0
mouse_default_cursor_shape = 3
stretch = true
__meta__ = {
"_edit_use_anchors_": false
}

[node name="Viewport" type="Viewport" parent="CanvasLayer/MainViewport"]
size = Vector2( 3840, 2160 )
handle_input_locally = false
render_target_update_mode = 3

[node name="FrontCamera" type="Camera" parent="CanvasLayer/MainViewport/Viewport"]
transform = Transform( 1, 0, 0, 0, 0.999353, 0.0359807, 0, -0.0359807, 0.999353, 0, 2.59177, 1.08183 )
current = true
far = 1215.6
script = ExtResource( 5 )
target = NodePath("../../../../Spaceship/FrontCameraHandle")

[node name="RearviewViewport" type="ViewportContainer" parent="CanvasLayer"]
anchor_left = 0.377
anchor_top = 0.015
anchor_right = 0.627
anchor_bottom = 0.154
margin_left = 1.31995
margin_top = -0.400002
margin_right = 1.31982
margin_bottom = -0.640045
stretch = true
__meta__ = {
"_edit_use_anchors_": false
}

[node name="Viewport" type="Viewport" parent="CanvasLayer/RearviewViewport"]
size = Vector2( 959, 299 )
handle_input_locally = false
render_direct_to_screen = true
render_target_update_mode = 3

[node name="Rearview" type="Camera" parent="CanvasLayer/RearviewViewport/Viewport"]
transform = Transform( -1, -5.50671e-14, -8.74227e-08, 2.07569e-08, 0.971404, -0.237432, 8.49228e-08, -0.237432, -0.971404, 0, 2.57447, 0.330356 )
fov = 54.6989
script = ExtResource( 5 )
target = NodePath("../../../../Spaceship/RearviewCameraHandle")

[node name="ChunkManager" parent="." instance=ExtResource( 2 )]

[node name="Ground" type="StaticBody" parent="."]
transform = Transform( 1, 0, 0, 0, 1, 0, 0, 0, 1, -19.8944, -1.54348, 14.402 )
collision_mask = 3

[node name="CollisionShape" type="CollisionShape" parent="Ground"]
transform = Transform( 160.891, 0, 0, 0, 1, 0, 0, 0, 160, 0, 0.623785, 0 )
shape = SubResource( 2 )

[node name="ground_plane" type="MeshInstance" parent="Ground"]
transform = Transform( 1, 0, 0, 0, 1, 0, 0, 0, 1, 0, 0.873739, 0 )
mesh = ExtResource( 4 )
material/0 = SubResource( 4 )

[node name="Sun" type="DirectionalLight" parent="."]
transform = Transform( 1, 0, 0, 0, -0.363983, 0.931406, 0, -0.931406, -0.363983, 0, 3.58461, 0 )
light_color = Color( 0.498039, 0.32549, 0.517647, 1 )
light_specular = 0.26
shadow_enabled = true
shadow_color = Color( 0.698039, 0.698039, 0.698039, 1 )
